.Random.seed <-
c(403L, 12L, 1467238281L, -1162047301L, -1394168694L, -346747028L, 
-2129822481L, -1971235035L, 1540841948L, -1552597070L, -185334099L, 
-1468711321L, -140100210L, 2103392872L, 1896150635L, -1639854071L, 
1151266456L, -1109788218L, -2128951007L, -1909126733L, -1099541214L, 
65998612L, -1536764009L, 1220327309L, 302607012L, 1884939402L, 
1109064437L, -437506737L, -255767978L, 2115188992L, -1736033213L, 
-1829195807L, -1912570032L, 454873518L, -422879399L, 943297899L, 
-95453990L, -415271524L, 274135455L, -747643915L, -1791083892L, 
1415688034L, -519024835L, -1991039049L, -306420642L, -745514600L, 
-22020869L, 1194055833L, -1052964568L, -737693738L, 2034433105L, 
419763971L, -1179738478L, -712180700L, 1582965479L, -77932739L, 
413034420L, -1173361638L, 1752356709L, 249407999L, 2115789958L, 
-1491466224L, 852859571L, -1673078447L, 484292864L, 477592542L, 
-2026878935L, 582582235L, -1839973142L, -29021556L, -1478765105L, 
-2129827451L, 82211388L, 1358046994L, 868953101L, 507275079L, 
-1616820946L, -354487160L, 1754874251L, -1451509399L, 1772843832L, 
2076925414L, 854043009L, 557178131L, 2098207426L, 1865418100L, 
-414993033L, 407682669L, -56356604L, -784235478L, 1603959189L, 
1265012271L, 577153846L, 1382151008L, 48806307L, -1833391423L, 
733840048L, 1048190414L, -1977339591L, -363623093L, -259668230L, 
-163641348L, -143914945L, 880169237L, 2019367468L, -1349531902L, 
548111325L, -964268329L, -1865786946L, -1761715208L, 437432283L, 
-1109540295L, 804045704L, 1449812790L, 221929841L, 1329986467L, 
105016050L, 324020804L, 659223815L, 1395584221L, 1267935700L, 
-916427526L, 1400755269L, -614366049L, -1886190042L, -1186086224L, 
1908526931L, -1638303119L, -58095712L, 20066110L, 1523168841L, 
972034811L, -1620716854L, -420842452L, 733490223L, 979879141L, 
-1710019172L, 1727320050L, -1232106899L, -834449497L, -220130866L, 
1334007592L, 485629227L, 1562586953L, -750660520L, 1594192134L, 
-1032377119L, 508742771L, 92616930L, -1230266284L, 1030382935L, 
-309488307L, -1560958748L, 1200854218L, 1555634485L, 148623247L, 
-408220522L, -2074901440L, 1908888835L, -1966835423L, -1921207792L, 
-336053778L, 1738214809L, -278463957L, 1266699034L, 1436365276L, 
-344864801L, -960872523L, 777554252L, -1268269150L, 1448662781L, 
-531261449L, 922792222L, -1163732008L, -1813725893L, 441604825L, 
2038773352L, -1902385258L, -195235055L, 1395694787L, -574106414L, 
-535060124L, 1632318631L, -1602004483L, 764146676L, -631436070L, 
-67264987L, 534737727L, -1762082618L, -1950687920L, 561423731L, 
382250897L, -803012160L, 1364788126L, -2101469847L, -381196901L, 
-1584985942L, -2057472308L, 1664079759L, -217279547L, 398784380L, 
2146306002L, 411723597L, -1620625913L, 1213957614L, -1983835960L, 
-1160978485L, -1710507479L, 1351616632L, -591952474L, -1361915967L, 
1296913491L, -1637057790L, 28778036L, -78701641L, 140381101L, 
439181508L, 325309674L, -942498987L, 1819340015L, -181263626L, 
1317654048L, 474780643L, 1464998017L, 506824432L, -868276850L, 
-1683191047L, 400902283L, -1587212102L, -1513930980L, -1263190894L, 
306965888L, -1247088620L, 1249208104L, -1568631238L, -477435440L, 
-561938068L, 611363764L, -2012720622L, 566773728L, 1695803852L, 
-2015065888L, -528624606L, -68756696L, -108463604L, 1305031484L, 
-535021582L, 705676016L, 1783265860L, 1219126872L, 196052794L, 
-342910992L, 691423932L, -1552976620L, -1305707326L, 1937476704L, 
1506782588L, 1915207632L, -73541342L, 1392758440L, 370851724L, 
270271676L, 1480737586L, 2221632L, -1811573580L, -303883192L, 
-828842566L, 1548196368L, 750869740L, 1087881556L, -880157934L, 
1348560288L, -1716563252L, 348396128L, 1327093698L, 1913475880L, 
-899202644L, -830511812L, 73917298L, 1673418032L, -1580122332L, 
-1280395976L, -641984806L, -316680304L, -1515068676L, -777782380L, 
964904002L, -1312346880L, -472141764L, -159670960L, -1320315742L, 
-148845752L, 271679244L, 958037724L, 2132371282L, 2040993408L, 
-884035500L, 355242984L, -1284076806L, -2035327664L, 1487841068L, 
-837792908L, 151110546L, 607730272L, -1295192180L, -42784928L, 
-977204254L, -1883321432L, 1882221772L, -1591698948L, 325132210L, 
-92557840L, 194112964L, 1231241560L, 1675842938L, 1078644144L, 
-399490116L, -2008565676L, 598618050L, -1046370272L, 1247559868L, 
-460899760L, -456058910L, -589361560L, 1918889548L, 141498620L, 
-145621006L, 604976384L, -941544588L, 1305487368L, 1739196858L, 
-772321840L, -253975572L, -814294124L, -1472787502L, 1123471200L, 
-1840490164L, -864464608L, -1770246270L, -1583567128L, 1520543980L, 
-262889924L, 1758417778L, -2111433104L, 1905118244L, -1467605192L, 
1569996954L, -535226672L, -1428769604L, -1327900012L, -1687623038L, 
1725567168L, -1720629956L, -1037051760L, -434782686L, 440752648L, 
1986008332L, -264363364L, 98498066L, 1048265088L, -1946885612L, 
-135807448L, 738435386L, 1852537808L, 1665494636L, 429280052L, 
-301895022L, 1152521568L, 109679948L, -1910893600L, 2005987234L, 
1507921832L, 1769721740L, 1254755004L, 1673685874L, -1864613648L, 
-69854140L, -2010202792L, -1361145798L, 499413872L, 908776508L, 
-14013676L, 1609997762L, 1348889824L, -1795573892L, -1729169712L, 
-1052501342L, 169104424L, -443621108L, -914187332L, -1311271630L, 
-1755592768L, 900064820L, 974838728L, -1294322502L, -1411930224L, 
-305886740L, -929950636L, -391529838L, -2085913824L, -1364557364L, 
1538993120L, 804157122L, -1568000472L, -1168380244L, 1781339836L, 
1774330354L, 31627568L, -654915420L, -1233130824L, -968380582L, 
-1234846320L, -688386692L, 1613271316L, 295648578L, 1946698496L, 
-1731695684L, -445881520L, 2014852386L, 649218376L, 963038220L, 
327355484L, -2024704814L, 794440704L, -1077573804L, -1737405976L, 
-1122509830L, -133215536L, 1891247404L, -291095308L, -729021550L, 
-1544270752L, -1017652980L, 1325853408L, -1534290590L, -680913240L, 
-712233396L, 1874326396L, 561102642L, 2004460144L, 774893892L, 
861390808L, 604140666L, -79521232L, 1623576252L, 997547860L, 
1732152898L, 1196318624L, 101440700L, -118296112L, 1348170082L, 
-2114951192L, -43631668L, 730640124L, 235766770L, 626308224L, 
-999695276L, 722937061L, 1000993007L, 241005608L, 2055536774L, 
922548915L, -1315849195L, 1049271922L, 1674754752L, 2015248169L, 
1026067867L, -1461831060L, -1938215302L, 1278959535L, -1742869831L, 
1673282766L, 1009090076L, 1045489037L, 124412919L, -673937664L, 
1933765982L, -2115267029L, -1846798035L, -1360435814L, -424987816L, 
925821633L, 764239219L, -1517191532L, 508132130L, 456169015L, 
1152799489L, -1676944890L, 1623631940L, -409474699L, 1948347615L, 
991244344L, -213444586L, 1987979299L, 383719397L, -56757758L, 
1556213872L, 501827097L, 1593153547L, 2071737084L, 2102780714L, 
-87685793L, 1219812585L, 1372199934L, -131274772L, -600112323L, 
1251086087L, 730433264L, -1556683122L, 1497751739L, -1600912227L, 
956692554L, -2037994904L, -1601993135L, -693895869L, 1078078532L, 
-2074648846L, 523028167L, -735556463L, -1918238186L, 9318516L, 
-1804053755L, 1197840719L, 1622125384L, 464939750L, 1672682515L, 
-322862219L, -74263726L, -2133892192L, -158136695L, 324465339L, 
827697420L, -1682471782L, 923580943L, -1061499303L, -1454497042L, 
-2011559556L, -942302739L, -1098447209L, -1394007712L, 998389054L, 
-1624078837L, 1016717965L, 747052986L, -153711112L, -1794430559L, 
-155267245L, -259170700L, -709353470L, 65641111L, -1582136223L, 
-510287706L, 1261228196L, 949135701L, 645601791L, 1420189848L, 
1087466934L, -1091582397L, -44233851L, 1502982178L, -744611056L, 
42864313L, 600564587L, 1845967452L, -795281526L, 866617215L, 
-1527104823L, -547204258L, -581310452L, -918554659L, -1912306969L, 
-1521034480L, -781585874L, -975435557L, -430131779L, 1101226794L, 
-1020646456L, 1821747441L, 1814595171L, 754061924L, -327282286L, 
2024283751L, 875953713L, -1549024394L, -1150601068L, -480901467L, 
588915631L, 165367912L, -1947904954L, -341818893L, 1010679125L, 
-1537513678L, 545909504L, 245379049L, 2138780251L, -1580446548L, 
-1248914758L, -433719185L, 294401529L, -171069298L, 1358051676L, 
-146198067L, -1086958281L, 898312128L, -1698627426L, 598877547L, 
